- Jet Lab
- Date: 2021-11-24 18:19:25
- Step: 0 motor steps
1565
1566
1567
1560
1574
1569
1575
1576
1560
1569
1571
1570
1567
1570
1559
1566
1567
1567
1563
1563
1566
1569
1563
1560
1564
1558
1575
1563
1573
1571
1572
1577
1573
1563
1569
1574
1571
1576
1577
1570
1567
1562
1584
1583
1571
1569
1575
1571
1574
1573
1578
1570
1574
1573
1575
1560
1580
1563
1561
1574
1568
1558
1575
1563
1558
1570
1560
1564
1575
1575
1571
1561
1564
1574
1576
1558
1571
1574
1573
1575
1569
1562
1569
1580
1566
1560
1559
1559
1554
1564
1573
1560
1552
1545
1541
1556
1554
1555
1558
1551
1564
1559
1560
1567
1560
1564
1556
1549
1551
1559
1560
1561
1570
1561
1560
1569
1565
1560
1567
1567
1573
1564
1575
1568
1567
1569
1575
1567
1581
1567
1569
1573
1571
1561
1567
1557
1559
1562
1570
1551
1567
1566
1573
1571
1574
1579
1573
1570
1579
1569
1580
1571
1580
1571
1572
1577
1564
1579
1558
1568
1555
1575
1579
1565
1571
1572
1567
1572
1574
1571
1566
1565
1570
1557
1562
1555
1572
1561
1566
1570
1553
1567
1571
1565
1572
1563
1568
1559
1569
1568
1571
1564
1567
1557
1564
1553
1559
1567
1562
1569
1553
1571
1563
1571
1576
1575
1575
1563
1563
1555
1571
1560
1569
1567
1557
1569
1569
1575
1568
1577
1556
1571
1561
1566
1569
1564
1560
1559
1551
1551
1561
1564
1550
1562
1564
1569
1552
1564
1564
1559
1558
1559
1560
1559
1562
1561
1569
1574
1566
1566
1552
1566
1567
1562
1567
1561
1569
1551
1563
1556
1566
1553
1554
1564
1569
1563
1548
1551
1567
1561
1549
1551
1557
1556
1568
1557
1551
1564
1567
1563
1553
1560
1555
1569
1567
1563
1561
1550
1559
1554
1560
1566
1552
1571
1564
1554
1560
1560
1550
1560
1560
1558
1560
1552
1546
1568
1566
1545
1548
1555
1545
1555
1563
1544
1556
1547
1564
1560
1560
1555
1545
1542
1540
1544
1546
1542
1539
1544
1549
1543
1556
1568
1567
1558
1553
1545
1555
1558
1566
1560
1556
1552
1553
1547
1556
1559
1555
1563
1560
1544
1551
1561
1548
1554
1568
1568
1565
1558
1566
1559
1565
1567
1560
1563
1559
1570
1566
1549
1570
1571
1567
1552
1555
1550
1572
1569
1575
1569
1567
1556
1555
1566
1564
1553
1547
1557
1549
1555
1563
1544
1562
1560
1558
1546
1551
1558
1553
1567
1558
1566
1545
1561
1560
1557
1556
1563
1554
1552
1560
1550
1569
1561
1553
1548
1556
1553
1551
1539
1543
1548
1555
1550
1555
1539
1551
1539
1556
1551
1555
1547
1545
1548
1553
1542
1545
1544
1544
1548
1546
1546
1544
1545
1537
1551
1546
1539
1553
1543
1546
1544
1547
1550
1550
1544
1555
1551
1547
1547
1549
1547
1551
1540
1560
1546
1548
1555
1558
1552
1540
1557
1556
1550
1542
1553
1548
1552
1535
1547
1548
1535
1535
1544
1559
1548
1557
1554
1552
1553
1542
1553
1557
1549
1560
1562
1540
1553
1559
1556
1556
1562
