- Jet Lab
- Date: 2021-11-24 18:01:12
- Step: 0 motor steps
835
853
824
854
853
854
858
856
863
856
857
852
860
847
857
852
864
844
864
848
859
849
852
848
858
850
860
852
864
856
867
852
857
856
860
856
864
852
863
855
859
857
854
856
858
856
858
853
858
856
858
860
858
856
856
859
856
856
856
856
854
860
854
854
856
857
851
859
853
858
859
856
856
858
851
862
848
860
853
859
854
854
850
860
851
857
852
856
852
859
856
822
854
851
851
855
853
853
849
853
857
850
857
856
864
860
944
997
1208
1224
1536
1826
2244
2334
2537
2756
2804
2892
2944
3032
3106
3102
3223
3248
3346
3256
3233
3264
3244
3152
3239
3257
3240
3234
3209
3300
3338
3344
3313
3252
3248
3288
3259
3265
3266
3288
3317
3193
3244
3281
3288
3220
3232
3279
3298
3318
3343
3258
3264
3256
3220
3204
3228
3218
3182
3252
3293
3299
3243
3228
3268
3264
3288
3224
3240
3230
3267
3280
3276
3203
3213
3188
3273
3294
3292
3228
3228
3338
3276
3328
3192
3283
3246
3296
3180
3224
3245
3256
3188
3200
3180
3276
3251
3258
3301
3340
3392
3380
3252
3224
3264
3249
3312
3264
3270
3233
3308
3344
3356
3244
3234
3211
3254
3243
3204
3248
3364
3321
3284
3251
3287
3337
3329
3368
3288
3278
3177
3175
3240
3328
3312
3300
3264
3232
3292
3237
3296
3208
3320
3240
3307
3255
3260
3229
3206
3248
3206
3276
3260
3276
3265
3184
3224
3272
3194
3280
3264
3312
3284
3250
3166
3209
3268
3376
3368
3330
3225
3153
3065
3036
2860
2988
2896
2638
2108
1932
1820
1702
1578
1424
1202
999
980
934
948
896
899
864
876
857
865
858
860
856
858
856
856
854
861
856
850
856
856
859
852
852
858
855
856
855
857
853
858
851
860
863
855
857
851
847
859
851
860
847
849
853
849
857
860
849
858
850
853
853
851
855
856
853
852
856
846
853
857
852
845
857
853
857
852
856
856
855
856
858
854
857
858
856
849
857
853
853
848
854
852
851
857
812
856
854
849
844
849
845
853
847
858
858
852
854
859
858
860
854
858
868
864
860
861
864
