- Jet Lab
- Date: 2021-10-27 15:04:47
- Step: 10 motor steps

992
990
995
991
994
997
993
997
986
996
987
996
985
980
993
995
991
1000
1003
1007
1037
993
1009
1024
1049
1028
1009
1013
1050
1086
1040
1171
1159
1205
1230
1237
1198
1300
1242
1359
1255
1358
1338
1432
1583
1650
1618
1609
1598
1610
1774
1696
1854
1827
1810
1894
1754
1892
1690
1659
1744
1637
1559
1638
1549
1439
1283
1209
1265
1308
1170
1195
1219
1071
1070
1059
1077
1018
1041
1082
1017
1049
997
1024
993
1032
991
989
990
994
989
984
986
986
985
989
987
988
977
984
