- Jet Lab
- Date: 2021-11-24 17:50:05
- Step: 30 motor steps
835
849
846
844
849
840
852
844
852
847
850
852
857
848
849
846
856
854
857
848
856
855
848
851
848
854
852
855
850
854
848
851
848
853
848
849
846
850
848
848
844
808
844
848
841
854
847
851
844
852
846
814
855
850
852
854
857
858
855
846
854
847
855
848
859
846
856
850
848
851
852
846
846
845
851
848
848
840
849
846
852
843
851
844
842
841
854
849
845
852
852
853
848
856
856
860
843
848
851
854
844
854
848
852
838
835
833
846
838
841
839
852
844
856
847
846
848
843
852
851
856
854
855
840
846
843
842
843
843
840
848
840
848
840
856
848
856
846
849
844
855
848
849
849
844
854
849
854
853
851
856
854
856
848
857
860
851
856
850
860
854
854
854
852
856
857
865
858
859
859
852
856
842
854
846
855
847
851
859
807
841
851
846
842
849
864
862
861
840
809
849
847
849
840
855
844
862
849
847
867
848
849
846
848
902
865
856
845
844
844
842
890
870
852
854
849
873
868
879
857
854
875
892
850
865
855
846
898
848
859
880
901
846
868
889
870
911
903
850
866
878
921
870
873
934
954
943
921
865
892
966
938
906
914
881
944
915
856
838
912
906
949
931
940
896
944
934
901
934
1009
938
1030
948
1030
950
1003
975
967
1013
994
948
1065
979
1067
1094
1043
1069
1036
1114
1101
1036
1131
1036
1034
1108
1165
1089
1258
1236
1340
1308
1366
1246
1352
1408
1308
1422
1330
1352
1357
1408
1614
1397
1387
1392
1452
1500
1456
1508
1644
1679
1680
1552
1491
1608
1837
1689
1688
1806
1776
1798
1808
1968
1956
1976
2134
2111
2056
1921
2052
1894
2262
2028
2124
2188
2158
2340
2448
2344
2402
2430
2360
2422
2585
2427
2784
2580
2642
2555
2750
2660
2558
2696
2800
2760
2976
2808
2947
2832
2897
2841
2944
2884
2920
2945
3078
3102
3100
3128
2947
2940
3052
3224
3136
3161
3048
3101
3028
3148
3200
3114
3128
3126
3120
3225
3176
3196
3118
3280
3307
3289
3256
3168
3184
3227
3328
3224
3209
3241
3296
3308
3254
3180
3238
3186
3269
3217
3234
3296
3448
3376
3304
3264
3248
3238
3260
3265
3288
3162
3163
3241
3243
3331
3196
3102
3232
3268
3244
3160
3120
3200
3194
3051
3072
3076
3066
3076
3120
3068
2913
3060
3016
3024
3008
2985
3001
2988
2800
2801
2691
2724
2770
2644
2717
2692
2622
2716
2566
2691
2616
2668
2560
2524
2505
2540
2484
2280
2416
2499
2446
2369
2154
2170
2186
2098
2182
2121
1843
2084
2099
2136
2015
1907
1925
1723
1793
1680
1776
1734
1549
1726
1700
1644
1607
1602
1623
1537
1592
1445
1494
1540
1355
1442
1483
1444
1298
1228
1353
1262
1274
1166
1268
1229
1240
1162
1258
1208
1028
1230
1111
1080
1022
1188
1150
953
1097
965
1004
975
968
954
930
975
1008
958
1003
974
974
943
947
886
999
857
920
987
962
909
962
926
921
900
915
894
896
872
887
911
860
896
896
919
891
898
945
917
880
870
888
880
856
851
870
860
859
867
874
877
880
864
839
865
846
858
864
854
839
864
851
849
845
857
848
852
844
854
840
850
848
848
842
853
837
864
847
852
844
849
844
855
840
846
844
849
847
857
848
856
849
864
856
853
850
852
853
844
846
855
840
845
849
847
847
849
845
839
841
841
844
839
842
838
850
842
855
847
846
846
846
849
846
853
849
854
852
861
849
844
843
847
843
845
848
848
849
850
841
841
843
848
835
847
847
844
839
848
845
854
847
851
843
806
847
846
846
846
841
848
851
844
844
844
838
847
854
847
852
846
846
848
847
848
852
856
852
849
853
843
847
844
844
844
841
844
849
844
840
847
844
849
840
849
844
846
839
846
847
847
846
849
842
853
843
848
853
847
846
844
844
842
851
842
847
842
852
840
846
849
856
841
850
840
849
839
854
851
848
850
852
850
847
851
856
851
846
846
847
847
848
843
842
847
840
844
844
849
839
849
840
850
849
847
848
848
844
858
854
854
857
856
858
