- Jet Lab
- Date: 2021-10-27 14:47:47
- Step: 10 motor steps

993
992
994
991
999
982
998
994
985
983
989
983
985
990
986
985
990
980
981
986
984
978
986
983
990
986
985
981
999
991
985
1035
1008
1017
1089
1084
1104
1142
1381
1299
1446
1816
1802
2032
2183
2352
2413
2866
3099
3155
3266
3472
3464
3360
3384
3167
3024
2649
2383
2142
1941
1685
1481
1371
1405
1201
1228
1136
1070
1031
989
994
993
982
982
982
983
981
978
979
983
987
984
980
982
981
980
981
981
985
988
983
985
983
983
983
985
982
988
983
