- Jet Lab
- Date: 2021-11-24 17:50:51
- Step: 50 motor steps
839
848
854
851
854
851
854
848
850
849
801
842
854
844
851
839
852
842
848
842
849
843
851
851
849
847
847
844
849
848
848
853
850
852
849
852
852
847
844
850
839
852
848
843
842
852
841
848
845
852
849
846
845
846
840
855
848
854
847
846
855
849
850
848
851
845
847
852
853
849
849
844
846
843
852
845
853
846
851
840
847
840
846
840
846
844
852
844
846
847
850
848
853
851
854
852
846
852
851
847
852
852
837
844
836
848
842
847
840
846
841
855
841
856
847
852
852
857
852
849
849
850
852
849
857
848
858
848
858
854
856
856
860
856
864
852
856
857
858
849
851
846
856
849
858
851
852
849
860
848
853
846
862
856
852
860
858
847
860
856
880
856
858
849
866
866
859
856
856
862
866
849
860
850
848
864
862
857
892
897
904
867
863
860
870
854
886
845
880
859
880
888
866
870
877
912
868
881
864
866
872
884
856
888
890
888
899
929
909
860
893
918
904
916
905
887
896
907
956
944
908
884
916
940
953
909
944
925
906
892
999
909
922
936
900
965
877
969
999
936
963
932
937
1016
923
961
943
949
995
927
974
1003
1008
915
934
889
902
899
927
984
1064
989
987
1025
944
950
978
1027
1003
1024
1020
1062
1070
1040
967
1013
1096
1084
1010
1144
1031
1072
1134
1132
1097
1144
1116
1220
1251
1166
1272
1110
1160
1283
1170
1272
1234
1236
1244
1321
1161
1312
1200
1257
1235
1305
1313
1164
1210
1438
1352
1323
1393
1312
1399
1405
1472
1360
1312
1512
1468
1450
1506
1474
1558
1433
1346
1344
1536
1355
1485
1441
1372
1536
1529
1526
1771
1775
1547
1530
1524
1472
1445
1743
1712
1536
1656
1820
1851
1721
1689
1760
1728
1943
1644
1832
1856
1896
2053
2048
1970
1876
1916
2120
1984
2023
2139
2131
1926
1992
1931
1942
2052
2222
2149
2188
2299
2168
2170
2192
2344
2271
2368
2560
2286
2362
2299
2324
2444
2368
2466
2473
2358
2553
2648
2501
2546
2414
2410
2532
2698
2694
2880
2702
2526
2712
2660
2647
2464
2745
2668
2832
2836
2892
2658
2608
2532
2672
2832
2832
2740
2689
2784
2966
2864
2872
2688
2902
2848
2820
2866
2776
2756
2684
2664
2816
2764
2960
2855
2753
2616
2560
2752
2846
2924
2868
2870
2710
2624
2835
2824
2777
2708
2716
2662
2648
2688
2632
2580
2425
2724
2646
2521
2444
2464
2550
2535
2618
2412
2352
2248
2211
2320
2259
2384
2384
2296
2441
2528
2179
2139
2025
2084
1970
2165
2167
2021
2136
1974
1920
1937
1929
2064
1953
2008
1784
1840
1944
1992
1780
1843
1856
1700
1829
1695
1620
1575
1792
1419
1589
1596
1546
1732
1706
1508
1421
1479
1520
1690
1640
1484
1542
1457
1537
1396
1540
1451
1544
1542
1415
1336
1311
1472
1366
1265
1262
1262
1246
1164
1153
1258
1166
1313
1264
1188
1365
1114
1372
1312
1246
1200
1167
1172
1072
1062
1038
1181
1024
1092
1144
1002
1055
1084
1165
1171
1022
1099
1042
1094
960
979
956
1000
1105
1174
984
981
888
956
996
991
974
967
1058
957
1068
976
934
1054
987
994
936
1017
848
962
940
968
963
955
976
988
956
965
951
904
966
896
932
878
986
918
925
919
901
876
908
888
852
908
876
867
918
903
818
908
857
871
860
877
878
845
845
832
839
859
897
852
847
860
841
863
844
846
840
871
840
850
838
852
844
848
841
860
851
859
845
850
852
851
854
849
848
853
848
842
850
839
842
843
873
850
848
839
851
848
850
844
838
842
847
844
867
838
844
844
854
846
840
856
847
855
847
848
843
839
843
842
844
853
841
849
838
857
838
850
843
844
841
852
844
846
852
847
848
846
848
851
844
851
852
848
853
840
842
853
840
840
852
841
846
837
846
835
847
844
835
846
849
849
843
846
847
848
851
853
844
849
849
848
848
856
845
855
841
848
848
853
847
850
844
846
834
857
838
846
839
858
844
854
844
855
844
850
843
851
852
850
847
846
848
850
852
846
844
848
852
851
847
840
844
844
848
846
849
844
850
846
850
841
844
