- Jet Lab
- Date: 2021-10-27 14:52:13
- Step: 10 motor steps

990
993
990
988
990
985
990
984
985
989
992
992
992
990
986
994
989
985
990
1012
997
992
1013
1028
1084
1061
1152
1058
1115
1145
1297
1275
1281
1445
1404
1741
1734
1831
1804
1974
2185
2284
2393
2598
2742
2622
2811
2733
2818
2827
2630
2242
2372
2078
1942
1837
1625
1571
1498
1390
1273
1295
1153
1230
1068
1065
1069
1000
998
1022
1001
1024
991
992
982
987
983
988
987
993
986
987
990
995
986
985
986
990
987
984
981
990
983
984
988
985
983
982
986
982
