- Jet Lab
- Date: 2021-10-27 14:54:34
- Step: 10 motor steps

990
988
992
996
987
992
994
989
995
988
984
987
985
990
984
987
983
988
989
992
1045
991
1009
1000
1048
1033
1271
1199
1196
1151
1169
1200
1290
1361
1285
1566
1590
1676
1682
1812
1857
1977
1976
2080
2325
2318
2461
2596
2331
2433
2539
2436
2267
2136
1852
2028
1874
1628
1552
1490
1297
1367
1276
1419
1248
1231
1264
1129
1004
1106
1155
1034
1048
1026
1031
991
986
994
989
985
990
987
993
983
987
987
988
985
983
986
983
987
984
984
986
989
984
986
987
987
