- Jet Lab
- Date: 2021-10-27 14:56:37
- Step: 10 motor steps

986
994
989
994
990
982
996
991
986
996
985
990
982
989
980
985
981
986
978
982
1003
988
999
990
1011
1084
1008
1089
1040
1134
1138
1239
1176
1223
1334
1352
1329
1481
1408
1627
1700
1700
1689
1766
1807
1852
2029
2117
1864
2210
2307
2038
2180
2165
2232
2063
1978
1699
1816
1634
1590
1659
1445
1482
1375
1421
1302
1288
1184
1122
1102
1065
1099
1051
1034
1011
1001
1016
984
988
994
984
984
984
980
982
982
988
984
982
979
987
985
983
984
985
982
988
988
985
