- Jet Lab
- Date: 2021-10-27 14:58:51
- Step: 10 motor steps

991
989
995
992
989
989
981
983
987
983
982
987
984
982
984
989
989
991
988
979
996
993
991
997
992
991
1027
982
1053
1119
1076
1144
1075
1115
1136
1200
1225
1227
1238
1295
1388
1308
1427
1316
1566
1545
1556
1565
1774
1620
1970
1966
2089
1817
1996
1849
1999
1792
1779
1801
1823
1832
1576
1516
1346
1352
1522
1361
1522
1360
1279
1255
1340
1165
1132
1078
1070
1143
1064
1044
1037
1002
1046
1010
1020
994
984
993
987
987
982
986
981
986
990
987
983
988
980
983
