- Jet Lab
- Date: 2021-11-24 17:48:53
- Step: 20 motor steps
843
849
857
847
853
856
853
850
846
847
854
845
844
842
848
843
848
840
844
847
855
846
856
850
857
854
856
848
855
855
852
854
850
856
852
853
849
853
851
848
844
855
847
847
843
847
844
845
848
848
848
852
842
844
844
848
848
852
844
848
848
856
850
849
852
849
852
850
856
851
850
853
854
854
852
846
855
849
852
841
851
849
851
852
851
844
851
844
850
846
849
843
853
847
851
852
854
846
851
855
852
852
852
853
856
856
851
848
844
803
852
853
845
849
844
847
838
851
851
846
849
854
849
856
847
851
852
852
850
850
850
856
852
851
856
850
851
847
856
851
851
849
848
849
850
844
857
850
855
847
857
852
849
844
854
845
857
846
856
853
855
856
852
848
852
835
851
851
848
854
850
852
848
851
847
852
846
850
849
848
848
854
848
848
847
850
850
849
848
848
847
854
856
850
845
851
848
852
850
854
858
848
849
843
849
850
853
847
845
848
851
840
846
848
851
838
846
844
849
837
855
846
847
846
851
852
853
851
848
851
849
850
848
855
848
848
848
878
860
860
847
849
862
852
869
852
846
845
841
843
848
848
851
871
888
872
859
845
850
847
854
879
848
883
898
873
856
845
868
913
857
876
870
876
875
862
886
844
883
856
960
930
900
908
946
914
944
928
849
1005
1003
909
1020
976
971
988
915
992
950
909
1038
1068
1067
1089
1162
1056
1017
1144
1224
1140
1090
1144
1143
1274
1331
1448
1268
1361
1406
1500
1464
1601
1635
1500
1588
1723
1688
1632
1814
1782
1998
1690
1948
2280
1882
2170
2256
2235
2192
2112
2564
2542
2249
2380
2371
2407
2400
2752
2808
2692
2734
2800
2874
2960
2984
2880
2906
2976
3136
3080
3032
3034
3072
3083
3208
3105
3095
3123
3101
3198
3223
3232
3228
3155
3116
3186
3202
3250
3218
3225
3174
3136
3240
3284
3198
3232
3306
3374
3233
3196
3244
3280
3208
3240
3244
3277
3272
3320
3211
3200
3185
3270
3297
3312
3231
3208
3238
3203
3300
3219
3268
3234
3244
3252
3281
3249
3244
3325
3332
3184
3254
3283
3344
3224
3225
3280
3226
3248
3238
3358
3387
3328
3279
3204
3208
3204
3228
3166
3254
3246
3184
3280
3268
3336
3176
3192
3216
3184
3298
3207
3224
3174
3196
3192
3240
3265
3300
3288
3192
3074
3096
3128
3081
3152
3174
3178
2977
3064
3088
3139
3192
3128
3100
2976
2790
2896
2756
2960
2592
2617
2723
2688
2560
2518
2708
2704
2644
2518
2655
2560
2401
2308
2592
2401
2112
2577
2275
2297
2145
1888
1904
1854
2219
2006
1888
1946
1729
1754
1595
1551
1464
1467
1640
1532
1496
1480
1260
1251
1184
1256
1272
1228
1126
1181
1088
1100
1094
1249
1129
1068
1091
1163
1167
1043
1133
1089
1066
1098
1053
1041
988
989
1026
1030
935
918
947
974
935
960
923
986
936
938
926
940
896
906
866
966
968
952
888
904
876
885
866
858
849
856
864
856
856
850
861
850
851
853
848
859
850
873
860
848
850
851
860
844
844
843
839
840
844
846
846
826
842
837
850
836
840
832
832
844
810
843
846
847
847
844
845
851
848
846
846
845
844
847
842
852
837
836
843
842
847
848
839
844
840
846
843
844
848
846
841
844
850
844
844
842
847
848
850
846
847
845
844
841
843
845
845
845
836
831
855
839
846
846
849
840
847
842
854
838
852
849
848
850
856
847
848
851
849
817
856
860
856
852
852
847
850
844
848
809
845
852
847
853
841
851
848
846
852
816
851
850
856
852
856
848
854
852
852
856
851
852
851
848
852
844
850
848
854
844
848
849
851
845
856
842
851
846
853
848
855
844
858
847
854
848
856
848
856
854
854
844
849
852
856
855
858
855
854
854
848
852
852
854
846
855
842
852
847
853
852
846
847
848
847
853
848
845
846
844
856
854
843
848
847
851
854
854
853
849
849
842
851
848
851
852
849
851
853
844
851
851
851
853
856
855
852
845
813
850
853
849
859
846
848
848
