- Jet Lab
- Date: 2021-11-24 18:14:23
- Step: 0 motor steps
863
867
862
852
864
865
863
859
863
869
858
855
858
853
864
851
852
861
860
858
862
862
867
857
854
859
860
852
849
847
859
859
856
858
857
858
860
865
868
866
865
857
860
860
855
852
854
855
860
854
862
856
856
862
853
865
859
864
869
870
860
860
863
863
858
865
862
860
863
862
854
864
862
860
860
858
855
854
861
849
856
857
857
848
850
860
855
860
855
848
853
860
849
847
857
862
867
859
863
867
868
859
865
874
869
868
871
860
868
873
860
867
865
865
864
867
859
863
865
857
866
872
866
870
868
869
864
871
869
865
869
860
861
861
860
855
862
863
856
861
857
864
855
856
855
863
857
867
862
865
867
855
859
870
867
872
869
867
873
868
864
868
871
866
870
865
859
859
871
866
860
863
866
864
874
862
867
873
867
871
874
868
866
866
875
872
859
863
871
856
867
860
876
872
873
865
857
860
853
857
863
858
860
858
847
854
860
862
854
857
848
859
861
862
858
857
866
868
869
864
867
862
854
860
855
860
869
858
863
862
853
848
857
864
857
864
864
862
858
863
862
855
861
868
856
861
865
862
865
864
863
870
867
854
862
861
862
862
861
860
859
860
864
855
859
863
870
865
856
863
869
863
867
857
865
864
867
866
859
871
857
863
871
868
866
876
865
859
860
868
867
867
859
863
859
869
855
861
865
864
864
863
860
858
856
862
859
862
862
863
866
868
864
868
865
874
873
862
878
864
863
864
858
867
866
865
867
862
856
867
864
860
858
866
855
859
868
869
860
865
867
859
870
866
861
860
865
869
865
867
868
866
868
860
864
870
867
865
874
873
868
864
856
858
866
868
864
867
867
859
868
858
858
854
852
863
867
861
869
864
864
868
861
862
855
856
856
867
859
867
869
869
859
867
862
860
855
866
867
863
864
865
867
859
864
863
862
866
871
867
870
866
869
860
870
864
864
867
860
867
876
865
863
860
866
856
870
870
862
869
871
873
863
868
870
867
860
857
854
858
861
864
865
866
866
871
860
855
864
857
864
863
866
862
864
867
856
860
860
864
854
856
860
864
863
868
864
860
865
864
853
859
854
860
864
861
862
866
855
857
852
854
860
848
849
862
861
857
864
862
850
864
865
860
860
863
860
855
855
856
