- Jet Lab
- Date: 2021-10-27 15:08:02
- Step: 0 motor steps

1410
1430
1415
1407
1413
1405
1424
1431
1425
1429
1418
1421
1435
1431
1439
1438
1412
1414
1422
1426
1444
1433
1423
1421
1406
1411
1398
1400
1418
1416
1416
1411
1415
1440
1449
1446
1451
1433
1428
1431
1422
1430
1429
1421
1438
1436
1425
1419
1408
1430
1431
1419
1436
1423
1415
1415
1410
1421
1430
1415
1420
1427
1423
1437
1419
1416
1428
1419
1431
1422
1414
1431
1409
1408
1428
1429
1448
1444
1411
1415
1418
1418
1437
1446
1440
1434
1427
1431
1433
1425
1428
1432
1433
1441
1420
1421
1439
1425
1436
1418
1408
1414
1411
1427
1429
1419
1428
1428
1423
1439
1429
1420
1436
1429
1431
1444
1445
1449
1434
1421
1432
1431
1438
1438
1423
1416
1408
1404
1421
1418
1400
1420
1410
1407
1412
1413
1420
1414
1413
1436
1429
1437
1447
1431
1451
1445
1433
1434
1422
1421
1429
1428
1438
1440
1418
1424
1424
1410
1415
1407
1410
1417
1417
1434
1444
1447
1460
1472
1465
1450
1451
1432
1423
1427
1434
1418
1412
1419
1409
1412
1427
1416
1419
1423
1411
1412
1423
1411
1426
1450
1449
1442
1451
1441
1427
1443
1437
1429
1442
1440
1430
1430
1414
1408
1429
1434
1433
1460
1469
1457
1456
1453
1436
1438
1433
1424
1417
1425
1413
1423
1435
1430
1439
1445
1439
1438
1453
1430
1415
1434
1419
1414
1421
1426
1419
1423
1416
1406
1417
1410
1409
1420
1413
1409
1427
1425
1412
1441
1458
1457
1465
1467
1441
1428
1423
1416
1407
1399
1405
1411
1411
1423
1435
1409
1414
1426
1423
1438
1455
1441
1431
1434
1420
1420
1444
1420
1400
1408
1418
1415
1433
1437
1420
1420
1413
1413
1433
1430
1422
1434
1438
1426
1429
1431
1421
1429
1434
1416
1421
1419
1417
1423
1443
1438
1424
1441
1439
1431
1447
1443
1429
1440
1428
1412
1419
1406
1402
1429
1423
1416
1442
1444
1430
1444
1439
1424
1427
1434
1428
1418
1416
1401
1398
1423
1429
1425
1425
1432
1419
1402
1405
1412
1417
1435
1453
1451
1442
1458
1465
1452
1431
1423
1439
1440
1427
1429
1439
1431
1411
1417
1416
1408
1410
1430
1430
1428
1428
1443
1433
1409
1411
1426
1428
1422
1427
1436
1422
1411
1421
1426
1416
1407
1414
1417
1419
1410
1415
1412
1400
1404
1405
1408
1408
1407
1427
1436
1437
1437
1443
1433
1424
1439
1438
1416
1411
1419
1416
1419
1421
1421
1440
1438
1445
1450
1448
1435
1430
1439
1420
1408
1415
1415
1410
1410
1415
1415
1419
1435
1435
1431
1422
1430
1426
1418
1437
1436
1432
1451
1439
1420
1435
1423
1407
1411
1405
1400
1427
1425
1417
1423
1437
1429
1435
1448
1431
1431
1433
1415
1415
1418
1419
1426
1431
1416
1413
1432
1428
1423
1421
1421
1419
1428
1410
1408
1425
1433
1424
1433
1433
1429
1436
1427
1414
1427
1429
1414
1417
1406
1410
1417
1413
1413
1421
1433
1435
1435
1420
1409
1425
1429
1435
1439
1421
1405
1420
1440
1447
1447
1436
1434
1443
1433
1420
1428
1425
1414
1420
1420
1404
1420
1436
1435
1443
1474
1468
1452
1453
1442
1439
1446
1434
1423
1431
1428
1425
1443
1434
1435
1457
1441
1431
1437
1418
1410
1424
1414
1401
1418
1432
1426
1432
1437
1422
1417
1418
1413
1415
1428
1415
1408
1423
1414
1407
1425
1433
1426
1451
1461
1450
1458
1472
1467
1454
1455
1437
1410
1420
1418
1408
1427
1432
1432
1433
1429
1420
1415
1425
1423
1428
1442
1442
1432
1439
1434
1421
1431
1434
1431
1427
1406
1394
1409
1421
1414
1422
1430
1418
1420
1435
1428
1433
1444
1434
1423
1433
1437
1429
1442
1441
1426
1439
1427
1414
1428
1432
1427
1433
1429
1421
1436
1434
1407
1412
1418
1407
1412
1428
1411
1416
1432
1418
1416
1431
1419
1405
1412
1426
1439
1435
1451
1453
1425
1407
1414
1414
1415
1438
1445
1445
1434
1430
1422
1420
1431
1445
1443
1434
1430
1411
1409
1423
1422
1414
1411
1420
1414
1422
1449
1451
1441
1444
1452
1447
1432
1430
1418
1405
1405
1418
1425
1422
1442
1451
1438
1434
1442
1434
1423
1431
1442
1440
1436
1438
1432
1415
1411
1427
1418
1415
1437
1435
1427
1422
1427
1415
1402
1412
1403
1401
1401
1425
1439
1426
1420
1421
1416
1419
1430
1433
1436
1444
1445
1432
1433
1439
1428
1419
1421
1417
1423
1408
1403
1415
1416
1409
1420
1437
1449
1442
1448
1445
1450
1449
1458
1453
1449
1459
1435
1418
1438
1430
1407
1417
1416
1414
1430
1430
1415
1421
1420
1411
1424
1429
1412
1415
1425
1410
1412
1423
1416
1423
1435
1434
1436
1452
1432
1417
1428
1427
1419
1433
1426
1425
1435
1419
1417
1441
1432
1421
1418
1401
1400
1414
1426
1439
1424
1410
1420
1418
1427
1443
1443
1420
1424
1436
1426
1441
1434
1415
1424
1421
1405
1403
1419
1426
1425
1438
1432
1418
1430
1432
1413
1412
1433
1431
1418
1426
1423
1408
1425
1435
1425
1435
1435
1421
1439
1435
1422
1415
1407
1409
1428
1424
1424
1446
1451
1446
1441
1445
1434
1428
1435
1422
1411
1415
1403
1403
1418
1415
1409
1417
1413
1406
1424
1434
1430
1436
1442
1429
1422
1427
1426
1414
1434
1429
1418
1429
1419
1419
1422
1404
1396
1418
1424
1424
1439
1438
1426
1435
1421
1419
1427
1443
1436
1423
1421
1424
1415
1426
1431
1421
1425
1429
1422
1419
1418
1408
1423
1443
1430
1438
1436
1422
1422
1436
1419
1404
1416
1427
1419
1414
1414
1412
1418
1422
1417
1419
1428
1414
1404
1427
1425
1426
1445
1446
1422
1428
1433
1424
1430
1432
1423
1421
1428
1419
1416
1418
1415
1412
1415
1409
1409
1425
1424
1430
1452
1446
1445
1464
1463
1451
1455
1460
1443
1436
1428
1411
1414
1418
1413
1426
1448
1439
1436
1433
1418
1424
1432
1434
1436
1435
1410
1405
1421
1422
1433
1447
1447
1436
1437
